0 -0.143984
0.02 -0.157111
0.04 -0.168236
0.06 -0.177221
0.08 -0.183955
0.1 -0.188359
0.12 -0.190381
0.14 -0.190003
0.16 -0.187238
0.18 -0.182128
0.2 -0.174745
0.22 -0.165191
0.24 -0.153593
0.26 -0.140103
0.28 -0.124894
0.3 -0.108159
0.32 -0.0901066
0.34 -0.0709585
0.36 -0.0509461
0.38 -0.0303072
0.4 -0.00928274
0.42 0.0118865
0.44 0.0329626
0.46 0.0537141
0.48 0.073918
0.5 0.0933625
0.52 0.111849
0.54 0.129195
0.56 0.145234
0.58 0.159818
0.6 0.172817
0.62 0.184122
0.64 0.193644
0.66 0.201312
0.68 0.207079
0.7 0.210912
0.72 0.212802
0.74 0.212754
0.76 0.210793
0.78 0.206957
0.8 0.201302
0.82 0.193895
0.84 0.184818
0.86 0.174161
0.88 0.162026
0.9 0.148523
0.92 0.133769
0.94 0.11789
0.96 0.101013
0.98 0.083273
1 0.0648061
1.02 0.0457516
1.04 0.0262502
1.06 0.00644322
1.08 -0.0135281
1.1 -0.0335235
1.12 -0.0534042
1.14 -0.0730338
1.16 -0.0922789
1.18 -0.11101
1.2 -0.129102
1.22 -0.146434
1.24 -0.162893
1.26 -0.17837
1.28 -0.192765
1.3 -0.205985
1.32 -0.217946
1.34 -0.228571
1.36 -0.237793
1.38 -0.245558
1.4 -0.251818
1.42 -0.256537
1.44 -0.259692
1.46 -0.261267
1.48 -0.26126
1.5 -0.259678
1.52 -0.256542
1.54 -0.251879
1.56 -0.245729
1.58 -0.238143
1.6 -0.229177
1.62 -0.2189
1.64 -0.207385
1.66 -0.194717
1.68 -0.180981
1.7 -0.166274
1.72 -0.150693
1.74 -0.134341
1.76 -0.117322
1.78 -0.099743
1.8 -0.0817127
1.82 -0.0633387
1.84 -0.044728
1.86 -0.0259863
1.88 -0.00721722
1.9 0.0114789
1.92 0.0300052
1.94 0.0482687
1.96 0.0661814
1.98 0.0836599
2 0.100627
2.02 0.117009
2.04 0.132741
2.06 0.147762
2.08 0.162019
2.1 0.175462
2.12 0.188051
2.14 0.199749
2.16 0.210526
2.18 0.220359
2.2 0.22923
2.22 0.237125
2.24 0.244037
2.26 0.249964
2.28 0.254908
2.3 0.258876
2.32 0.261879
2.34 0.263932
2.36 0.265054
2.38 0.265267
2.4 0.264596
2.42 0.263069
2.44 0.260717
2.46 0.257572
2.48 0.25367
2.5 0.249046
2.52 0.243739
2.54 0.237788
2.56 0.231233
2.58 0.224115
2.6 0.216474
2.62 0.208352
2.64 0.199792
2.66 0.190835
2.68 0.181521
2.7 0.171892
2.72 0.161988
2.74 0.151848
2.76 0.141511
2.78 0.131015
2.8 0.120395
2.82 0.109688
2.84 0.0989266
2.86 0.0881443
2.88 0.0773721
2.9 0.0666398
2.92 0.0559755
2.94 0.0454059
2.96 0.0349563
2.98 0.0246501
3 0.0145094
3.02 0.0045545
3.04 -0.00519568
3.06 -0.0147239
3.08 -0.0240144
3.1 -0.0330528
3.12 -0.0418266
3.14 -0.0503242
3.16 -0.0585358
3.18 -0.0664527
3.2 -0.0740677
3.22 -0.0813747
3.24 -0.0883688
3.26 -0.0950464
3.28 -0.101405
3.3 -0.107442
3.32 -0.113159
3.34 -0.118554
3.36 -0.12363
3.38 -0.128388
3.4 -0.132831
3.42 -0.136963
3.44 -0.140787
3.46 -0.144309
3.48 -0.147534
3.5 -0.150467
3.52 -0.153115
3.54 -0.155484
3.56 -0.157582
3.58 -0.159416
3.6 -0.160993
3.62 -0.162321
3.64 -0.163409
3.66 -0.164264
3.68 -0.164894
3.7 -0.165309
3.72 -0.165516
3.74 -0.165525
3.76 -0.165343
3.78 -0.164979
3.8 -0.164442
3.82 -0.16374
3.84 -0.162881
3.86 -0.161873
3.88 -0.160725
3.9 -0.159445
3.92 -0.15804
3.94 -0.156519
3.96 -0.154888
3.98 -0.153155
4 -0.151327
4.02 -0.149412
4.04 -0.147415
4.06 -0.145344
4.08 -0.143205
4.1 -0.141004
4.12 -0.138747
4.14 -0.13644
4.16 -0.134089
4.18 -0.131698
4.2 -0.129274
4.22 -0.12682
4.24 -0.124342
4.26 -0.121844
4.28 -0.119332
4.3 -0.116808
4.32 -0.114276
4.34 -0.111742
4.36 -0.109207
4.38 -0.106677
4.4 -0.104154
4.42 -0.10164
4.44 -0.0991403
4.46 -0.0966563
4.48 -0.094191
4.5 -0.091747
4.52 -0.0893267
4.54 -0.0869324
4.56 -0.0845663
4.58 -0.0822305
4.6 -0.0799269
4.62 -0.0776573
4.64 -0.0754236
4.66 -0.0732275
4.68 -0.0710705
4.7 -0.0689541
4.72 -0.0668799
4.74 -0.0648492
4.76 -0.0628633
4.78 -0.0609236
4.8 -0.0590312
4.82 -0.0571873
4.84 -0.0553932
4.86 -0.0536498
4.88 -0.0519583
4.9 -0.0503199
4.92 -0.0487354
4.94 -0.047206
4.96 -0.0457326
4.98 -0.0443164
5 -0.0429582
5.02 -0.0416592
5.04 -0.0404203
5.06 -0.0392425
5.08 -0.038127
5.1 -0.0370747
5.12 -0.0360867
5.14 -0.0351641
5.16 -0.034308
5.18 -0.0335195
5.2 -0.0327998
5.22 -0.03215
5.24 -0.0315713
5.26 -0.031065
5.28 -0.0306322
5.3 -0.0302742
5.32 -0.0299924
5.34 -0.0297881
5.36 -0.0296625
5.38 -0.0296171
5.4 -0.0296532
5.42 -0.0297722
5.44 -0.0299756
5.46 -0.0302648
5.48 -0.0306413
5.5 -0.0311064
5.52 -0.0316617
5.54 -0.0323086
5.56 -0.0330485
5.58 -0.0338828
5.6 -0.0348131
5.62 -0.0358407
5.64 -0.0369669
5.66 -0.0381931
5.68 -0.0395206
5.7 -0.0409506
5.72 -0.0424843
5.74 -0.0441227
5.76 -0.0458669
5.78 -0.0477179
5.8 -0.0496764
5.82 -0.0517432
5.84 -0.0539189
5.86 -0.0562039
5.88 -0.0585986
5.9 -0.061103
5.92 -0.0637172
5.94 -0.0664409
5.96 -0.0692737
5.98 -0.072215
6 -0.0752639
6.02 -0.0784193
6.04 -0.0816798
6.06 -0.0850436
6.08 -0.0885089
6.1 -0.0920733
6.12 -0.0957342
6.14 -0.0994887
6.16 -0.103333
6.18 -0.107265
6.2 -0.111278
6.22 -0.115369
6.24 -0.119534
6.26 -0.123765
6.28 -0.128058
6.3 -0.132407
6.32 -0.136804
6.34 -0.141242
6.36 -0.145713
6.38 -0.150208
6.4 -0.15472
6.42 -0.159238
6.44 -0.163753
6.46 -0.168253
6.48 -0.172728
6.5 -0.177166
6.52 -0.181555
6.54 -0.185882
6.56 -0.190134
6.58 -0.194297
6.6 -0.198356
6.62 -0.202298
6.64 -0.206105
6.66 -0.209763
6.68 -0.213256
6.7 -0.216566
6.72 -0.219677
6.74 -0.222572
6.76 -0.225232
6.78 -0.22764
6.8 -0.229777
6.82 -0.231627
6.84 -0.23317
6.86 -0.234388
6.88 -0.235263
6.9 -0.235777
6.92 -0.235912
6.94 -0.23565
6.96 -0.234975
6.98 -0.233869
7 -0.232318
7.02 -0.230305
7.04 -0.227815
7.06 -0.224836
7.08 -0.221354
7.1 -0.217359
7.12 -0.212839
7.14 -0.207787
7.16 -0.202194
7.18 -0.196056
7.2 -0.189367
7.22 -0.182126
7.24 -0.174333
7.26 -0.16599
7.28 -0.157101
7.3 -0.147672
7.32 -0.137713
7.34 -0.127234
7.36 -0.116251
7.38 -0.104778
7.4 -0.0928372
7.42 -0.0804492
7.44 -0.0676398
7.46 -0.054437
7.48 -0.0408718
7.5 -0.0269783
7.52 -0.0127934
7.54 0.0016429
7.56 0.0162879
7.58 0.0310958
7.6 0.0460182
7.62 0.061004
7.64 0.0759994
7.66 0.0909482
7.68 0.105792
7.7 0.12047
7.72 0.13492
7.74 0.149078
7.76 0.162877
7.78 0.176252
7.8 0.189135
7.82 0.201458
7.84 0.213153
7.86 0.224153
7.88 0.23439
7.9 0.243798
7.92 0.252315
7.94 0.259878
7.96 0.266428
7.98 0.271909
8 0.276271
8.02 0.279465
8.04 0.281449
8.06 0.282187
8.08 0.281648
8.1 0.279808
8.12 0.276649
8.14 0.272163
8.16 0.266348
8.18 0.259212
8.2 0.250769
8.22 0.241045
8.24 0.230074
8.26 0.217898
8.28 0.204569
8.3 0.190147
8.32 0.174704
8.34 0.158317
8.36 0.141072
8.38 0.123063
8.4 0.104391
8.42 0.0851648
8.44 0.0654959
8.46 0.0455027
8.48 0.0253069
8.5 0.00503334
8.52 -0.015191
8.54 -0.0352381
8.56 -0.05498
8.58 -0.0742893
8.6 -0.0930408
8.62 -0.111112
8.64 -0.128384
8.66 -0.144744
8.68 -0.160081
8.7 -0.174295
8.72 -0.18729
8.74 -0.198977
8.76 -0.209278
8.78 -0.218122
8.8 -0.225447
8.82 -0.231201
8.84 -0.235342
8.86 -0.237838
8.88 -0.238667
8.9 -0.237818
8.92 -0.235291
8.94 -0.231097
8.96 -0.225258
8.98 -0.217807
9 -0.208788
9.02 -0.198257
9.04 -0.18628
9.06 -0.172937
9.08 -0.158316
9.1 -0.142518
9.12 -0.125654
9.14 -0.107846
9.16 -0.0892261
9.18 -0.0699368
9.2 -0.0501287
9.22 -0.0299614
9.24 -0.00960152
9.26 0.0107776
9.28 0.0309974
9.3 0.050876
9.32 0.0702287
9.34 0.0888709
9.36 0.106619
9.38 0.123293
9.4 0.138718
9.42 0.152728
9.44 0.165165
9.46 0.175884
9.48 0.184756
9.5 0.191667
9.52 0.196521
9.54 0.199245
9.56 0.199786
9.58 0.198117
9.6 0.194234
9.62 0.188161
9.64 0.179946
9.66 0.169667
9.68 0.157425
9.7 0.143349
9.72 0.127593
9.74 0.110332
9.76 0.0917647
9.78 0.0721076
9.8 0.0515944
9.82 0.0304721
9.84 0.00899801
9.86 -0.0125636
9.88 -0.033945
9.9 -0.054879
9.92 -0.0751027
9.94 -0.0943608
9.96 -0.11241
9.98 -0.129021
