0 -5.34387e-16
0.02 -6.83707e-16
0.04 -8.88222e-16
0.06 -1.16866e-15
0.08 -1.55009e-15
0.1 -2.06353e-15
0.12 -2.74763e-15
0.14 -3.6504e-15
0.16 -4.83094e-15
0.18 -6.36102e-15
0.2 -8.32635e-15
0.22 -1.0827e-14
0.24 -1.39768e-14
0.26 -1.78998e-14
0.28 -2.27244e-14
0.3 -2.85711e-14
0.32 -3.55326e-14
0.34 -4.36431e-14
0.36 -5.28301e-14
0.38 -6.28439e-14
0.4 -7.31551e-14
0.42 -8.28076e-14
0.44 -9.02123e-14
0.46 -9.2861e-14
0.48 -8.69331e-14
0.5 -6.67614e-14
0.52 -2.41143e-14
0.54 5.27621e-14
0.56 1.8041e-13
0.58 3.81816e-13
0.6 6.88575e-13
0.62 1.14366e-12
0.64 1.80501e-12
0.66 2.75003e-12
0.68 4.08128e-12
0.7 5.93368e-12
0.72 8.48324e-12
0.74 1.1958e-11
0.76 1.66514e-11
0.78 2.29378e-11
0.8 3.12921e-11
0.82 4.2312e-11
0.84 5.67442e-11
0.86 7.55148e-11
0.88 9.97629e-11
0.9 1.30879e-10
0.92 1.70545e-10
0.94 2.20777e-10
0.96 2.83967e-10
0.98 3.62925e-10
1 4.60904e-10
1.02 5.81626e-10
1.04 7.29275e-10
1.06 9.08459e-10
1.08 1.12413e-09
1.1 1.38145e-09
1.12 1.68552e-09
1.14 2.04108e-09
1.16 2.45195e-09
1.18 2.92038e-09
1.2 3.44605e-09
1.22 4.02486e-09
1.24 4.64722e-09
1.26 5.29598e-09
1.28 5.94369e-09
1.3 6.54924e-09
1.32 7.05364e-09
1.34 7.3749e-09
1.36 7.40181e-09
1.38 6.98641e-09
1.4 5.93517e-09
1.42 3.99856e-09
1.44 8.59015e-10
1.46 -3.88286e-09
1.48 -1.07239e-08
1.5 -2.02757e-08
1.52 -3.32835e-08
1.54 -5.06467e-08
1.56 -7.34398e-08
1.58 -1.02934e-07
1.6 -1.40619e-07
1.62 -1.8822e-07
1.64 -2.47717e-07
1.66 -3.21349e-07
1.68 -4.11623e-07
1.7 -5.21302e-07
1.72 -6.53379e-07
1.74 -8.11039e-07
1.76 -9.97584e-07
1.78 -1.21634e-06
1.8 -1.47052e-06
1.82 -1.76304e-06
1.84 -2.09628e-06
1.86 -2.4718e-06
1.88 -2.88994e-06
1.9 -3.3494e-06
1.92 -3.84667e-06
1.94 -4.37538e-06
1.96 -4.92556e-06
1.98 -5.48276e-06
2 -6.02702e-06
2.02 -6.5318e-06
2.04 -6.96269e-06
2.06 -7.27609e-06
2.08 -7.41775e-06
2.1 -7.32126e-06
2.12 -6.90644e-06
2.14 -6.07785e-06
2.16 -4.72324e-06
2.18 -2.71223e-06
2.2 1.04893e-07
2.22 3.89795e-06
2.24 8.85729e-06
2.26 1.51935e-05
2.28 2.31368e-05
2.3 3.29345e-05
2.32 4.48488e-05
2.34 5.91522e-05
2.36 7.61217e-05
2.38 9.60313e-05
2.4 0.000119143
2.42 0.000145693
2.44 0.000175883
2.46 0.000209857
2.48 0.000247687
2.5 0.00028935
2.52 0.000334701
2.54 0.000383451
2.56 0.000435132
2.58 0.00048907
2.6 0.000544348
2.62 0.000599771
2.64 0.000653837
2.66 0.000704694
2.68 0.000750112
2.7 0.000787452
2.72 0.000813638
2.74 0.000825138
2.76 0.000817951
2.78 0.000787603
2.8 0.000729153
2.82 0.000637218
2.84 0.000506006
2.86 0.000329372
2.88 0.000100891
2.9 -0.000186047
2.92 -0.000538119
2.94 -0.000961929
2.96 -0.00146384
2.98 -0.00204977
3 -0.00272502
3.02 -0.00349397
3.04 -0.00435987
3.06 -0.00532452
3.08 -0.00638802
3.1 -0.00754842
3.12 -0.00880141
3.14 -0.01014
3.16 -0.0115544
3.18 -0.0130312
3.2 -0.0145539
3.22 -0.0161019
3.24 -0.0176508
3.26 -0.0191722
3.28 -0.0206333
3.3 -0.0219975
3.32 -0.0232238
3.34 -0.0242675
3.36 -0.0250803
3.38 -0.0256106
3.4 -0.025804
3.42 -0.0256042
3.44 -0.0249532
3.46 -0.0237926
3.48 -0.0220641
3.5 -0.0197109
3.52 -0.0166785
3.54 -0.0129161
3.56 -0.00837762
3.58 -0.00302297
3.6 0.00318056
3.62 0.0102572
3.64 0.0182214
3.66 0.0270767
3.68 0.0368151
3.7 0.0474154
3.72 0.0588432
3.74 0.0710499
3.76 0.0839725
3.78 0.0975333
3.8 0.111641
3.82 0.126188
3.84 0.141057
3.86 0.156114
3.88 0.171217
3.9 0.186212
3.92 0.200939
3.94 0.21523
3.96 0.228914
3.98 0.241816
4 0.253766
4.02 0.264592
4.04 0.274132
4.06 0.282231
4.08 0.288745
4.1 0.293542
4.12 0.296509
4.14 0.297548
4.16 0.296581
4.18 0.293553
4.2 0.28843
4.22 0.281202
4.24 0.271884
4.26 0.260512
4.28 0.24715
4.3 0.231882
4.32 0.214814
4.34 0.196075
4.36 0.175809
4.38 0.154179
4.4 0.131361
4.42 0.107542
4.44 0.0829172
4.46 0.0576857
4.48 0.0320498
4.5 0.00620936
4.52 -0.0196399
4.54 -0.0453103
4.56 -0.0706246
4.58 -0.095419
4.6 -0.119545
4.62 -0.142873
4.64 -0.165292
4.66 -0.18671
4.68 -0.207061
4.7 -0.226297
4.72 -0.244394
4.74 -0.261349
4.76 -0.277179
4.78 -0.291921
4.8 -0.30563
4.82 -0.318375
4.84 -0.330239
4.86 -0.341315
4.88 -0.351705
4.9 -0.361514
4.92 -0.370849
4.94 -0.379815
4.96 -0.388515
4.98 -0.397041
5 -0.405477
5.02 -0.413896
5.04 -0.422355
5.06 -0.430894
5.08 -0.439535
5.1 -0.448285
5.12 -0.457127
5.14 -0.466027
5.16 -0.474932
5.18 -0.483769
5.2 -0.492451
5.22 -0.500871
5.24 -0.508914
5.26 -0.516448
5.28 -0.523337
5.3 -0.529436
5.32 -0.534599
5.34 -0.538679
5.36 -0.541535
5.38 -0.543028
5.4 -0.543033
5.42 -0.541436
5.44 -0.538136
5.46 -0.533051
5.48 -0.526121
5.5 -0.517303
5.52 -0.50658
5.54 -0.493957
5.56 -0.479464
5.58 -0.463154
5.6 -0.445106
5.62 -0.425418
5.64 -0.404214
5.66 -0.381636
5.68 -0.357843
5.7 -0.333012
5.72 -0.307331
5.74 -0.281
5.76 -0.254225
5.78 -0.227217
5.8 -0.200188
5.82 -0.173349
5.84 -0.146905
5.86 -0.121054
5.88 -0.0959842
5.9 -0.0718694
5.92 -0.0488698
5.94 -0.0271283
5.96 -0.00676961
5.98 0.0121013
6 0.0293996
6.02 0.0450616
6.04 0.0590443
6.06 0.0713256
6.08 0.0819035
6.1 0.0907953
6.12 0.0980366
6.14 0.10368
6.16 0.107792
6.18 0.110454
6.2 0.111758
6.22 0.111807
6.24 0.110709
6.26 0.108581
6.28 0.10554
6.3 0.101708
6.32 0.0972035
6.34 0.0921457
6.36 0.0866493
6.38 0.0808245
6.4 0.0747755
6.42 0.0685995
6.44 0.062386
6.46 0.0562161
6.48 0.0501618
6.5 0.0442863
6.52 0.0386437
6.54 0.0332787
6.56 0.0282276
6.58 0.0235178
6.6 0.0191689
6.62 0.0151931
6.64 0.0115956
6.66 0.00837555
6.68 0.00552668
6.7 0.00303794
6.72 0.000894333
6.74 -0.000922395
6.76 -0.00243306
6.78 -0.0036604
6.8 -0.0046284
6.82 -0.00536181
6.84 -0.00588556
6.86 -0.00622438
6.88 -0.00640236
6.9 -0.00644263
6.92 -0.00636713
6.94 -0.00619637
6.96 -0.00594927
6.98 -0.00564308
7 -0.00529331
7.02 -0.00491373
7.04 -0.00451636
7.06 -0.00411153
7.08 -0.00370796
7.1 -0.00331289
7.12 -0.0029321
7.14 -0.00257013
7.16 -0.00223032
7.18 -0.00191503
7.2 -0.00162569
7.22 -0.00136297
7.24 -0.00112687
7.26 -0.00091689
7.28 -0.000732076
7.3 -0.000571151
7.32 -0.000432593
7.34 -0.000314711
7.36 -0.000215715
7.38 -0.000133771
7.4 -6.70476e-05
7.42 -1.37585e-05
7.44 2.78105e-05
7.46 5.92764e-05
7.48 8.21432e-05
7.5 9.77906e-05
7.52 0.000107468
7.54 0.000112294
7.56 0.000113256
7.58 0.000111215
7.6 0.000106913
7.62 0.000100981
7.64 9.39482e-05
7.66 8.62481e-05
7.68 7.82334e-05
7.7 7.01824e-05
7.72 6.23099e-05
7.74 5.47756e-05
7.76 4.76931e-05
7.78 4.11368e-05
7.8 3.515e-05
7.82 2.97504e-05
7.84 2.49357e-05
7.86 2.06886e-05
7.88 1.69808e-05
7.9 1.37763e-05
7.92 1.10344e-05
7.94 8.71168e-06
7.96 6.76423e-06
7.98 5.14874e-06
8 3.82364e-06
8.02 2.74985e-06
8.04 1.89125e-06
8.06 1.21495e-06
8.08 6.91419e-07
8.1 2.94489e-07
8.12 1.236e-09
8.14 -2.08187e-07
8.16 -3.50771e-07
8.18 -4.40899e-07
8.2 -4.90606e-07
8.22 -5.09845e-07
8.24 -5.06746e-07
8.26 -4.8786e-07
8.28 -4.58388e-07
8.3 -4.2239e-07
8.32 -3.82975e-07
8.34 -3.42469e-07
8.36 -3.02558e-07
8.38 -2.64415e-07
8.4 -2.28811e-07
8.42 -1.96204e-07
8.44 -1.66812e-07
8.46 -1.40678e-07
8.48 -1.17721e-07
8.5 -9.77723e-08
8.52 -8.0609e-08
8.54 -6.5978e-08
8.56 -5.36136e-08
8.58 -4.32511e-08
8.6 -3.46354e-08
8.62 -2.75277e-08
8.64 -2.17086e-08
8.66 -1.69808e-08
8.68 -1.31687e-08
8.7 -1.01187e-08
8.72 -7.69758e-09
8.74 -5.7914e-09
8.76 -4.30341e-09
8.78 -3.15234e-09
8.8 -2.27052e-09
8.82 -1.60209e-09
8.84 -1.10135e-09
8.86 -7.31178e-10
8.88 -4.61721e-10
8.9 -2.69153e-10
8.92 -1.34628e-10
8.94 -4.33701e-11
8.96 1.60916e-11
8.98 5.25759e-11
9 7.27881e-11
9.02 8.1766e-11
9.04 8.32438e-11
9.06 7.99467e-11
9.08 7.38279e-11
9.1 6.62554e-11
9.12 5.81609e-11
9.14 5.01542e-11
9.16 4.26121e-11
9.18 3.57465e-11
9.2 2.96545e-11
9.22 2.43571e-11
9.24 1.98262e-11
9.26 1.60047e-11
9.28 1.28204e-11
9.3 1.01952e-11
9.32 8.05181e-12
9.34 6.31712e-12
9.36 4.92462e-12
9.38 3.81531e-12
9.4 2.93797e-12
9.42 2.24887e-12
9.44 1.7112e-12
9.46 1.29438e-12
9.48 9.73278e-13
9.5 7.27443e-13
9.52 5.40386e-13
9.54 3.98921e-13
9.56 2.92593e-13
9.58 2.13168e-13
9.6 1.54214e-13
9.62 1.10737e-13
9.64 7.88863e-14
9.66 5.57152e-14
9.68 3.89806e-14
9.7 2.69876e-14
9.72 1.84633e-14
9.74 1.24584e-14
9.76 8.26929e-15
9.78 5.37828e-15
9.8 3.40694e-15
9.82 2.08065e-15
9.84 1.20145e-15
9.86 6.27642e-16
9.88 2.58359e-16
9.9 2.20532e-17
9.92 -1.32087e-16
9.94 -2.40544e-16
9.96 -3.30256e-16
9.98 -4.2224e-16
