0 0.00317656
0.02 0.00311026
0.04 0.00317381
0.06 0.00338186
0.08 0.00374284
0.1 0.0042586
0.12 0.0049242
0.14 0.00572788
0.16 0.00665118
0.18 0.00766928
0.2 0.00875142
0.22 0.00986155
0.24 0.0109591
0.26 0.0119999
0.28 0.0129373
0.3 0.013723
0.32 0.0143088
0.34 0.0146474
0.36 0.014694
0.38 0.0144076
0.4 0.013752
0.42 0.0126977
0.44 0.0112224
0.46 0.00931241
0.48 0.00696343
0.5 0.00418143
0.52 0.000983082
0.54 -0.00260383
0.56 -0.00654036
0.58 -0.0107765
0.6 -0.0152515
0.62 -0.0198947
0.64 -0.0246263
0.66 -0.0293585
0.68 -0.0339969
0.7 -0.038442
0.72 -0.0425912
0.74 -0.0463405
0.76 -0.0495865
0.78 -0.052229
0.8 -0.0541722
0.82 -0.055328
0.84 -0.0556173
0.86 -0.0549722
0.88 -0.0533378
0.9 -0.0506743
0.92 -0.0469578
0.94 -0.0421819
0.96 -0.0363584
0.98 -0.029518
1 -0.0217105
1.02 -0.0130046
1.04 -0.00348729
1.06 0.0067366
1.08 0.0175459
1.1 0.0288045
1.12 0.0403633
1.14 0.052062
1.16 0.0637319
1.18 0.0751979
1.2 0.0862818
1.22 0.0968045
1.24 0.106589
1.26 0.115465
1.28 0.123267
1.3 0.129842
1.32 0.135052
1.34 0.138771
1.36 0.140893
1.38 0.141331
1.4 0.14002
1.42 0.136916
1.44 0.131999
1.46 0.125274
1.48 0.116768
1.5 0.106534
1.52 0.0946466
1.54 0.0812033
1.56 0.0663231
1.58 0.0501445
1.6 0.0328236
1.62 0.0145324
1.64 -0.00454355
1.66 -0.0242077
1.68 -0.044255
1.7 -0.0644746
1.72 -0.0846524
1.74 -0.104574
1.76 -0.124027
1.78 -0.142803
1.8 -0.160703
1.82 -0.177535
1.84 -0.19312
1.86 -0.207293
1.88 -0.219904
1.9 -0.230819
1.92 -0.239924
1.94 -0.247122
1.96 -0.252338
1.98 -0.255515
2 -0.256618
2.02 -0.255633
2.04 -0.252565
2.06 -0.24744
2.08 -0.240301
2.1 -0.23121
2.12 -0.220247
2.14 -0.207506
2.16 -0.193097
2.18 -0.177141
2.2 -0.159772
2.22 -0.141132
2.24 -0.121373
2.26 -0.100651
2.28 -0.0791281
2.3 -0.0569691
2.32 -0.03434
2.34 -0.0114065
2.36 0.0116674
2.38 0.0347205
2.4 0.0575965
2.42 0.0801443
2.44 0.10222
2.46 0.123686
2.48 0.144415
2.5 0.164289
2.52 0.183197
2.54 0.201042
2.56 0.217735
2.58 0.233199
2.6 0.247368
2.62 0.260188
2.64 0.271613
2.66 0.281611
2.68 0.290158
2.7 0.297243
2.72 0.302863
2.74 0.307024
2.76 0.309743
2.78 0.311042
2.8 0.310953
2.82 0.309516
2.84 0.306775
2.86 0.302781
2.88 0.29759
2.9 0.291263
2.92 0.283864
2.94 0.275461
2.96 0.266124
2.98 0.255925
3 0.244939
3.02 0.233239
3.04 0.2209
3.06 0.207998
3.08 0.194606
3.1 0.180798
3.12 0.166645
3.14 0.152217
3.16 0.137583
3.18 0.122807
3.2 0.107954
3.22 0.0930824
3.24 0.0782505
3.26 0.0635124
3.28 0.0489191
3.3 0.0345182
3.32 0.0203541
3.34 0.00646775
3.36 -0.00710322
3.38 -0.0203246
3.4 -0.0331656
3.42 -0.0455986
3.44 -0.0575992
3.46 -0.0691463
3.48 -0.0802216
3.5 -0.0908099
3.52 -0.100899
3.54 -0.110479
3.56 -0.119542
3.58 -0.128084
3.6 -0.136103
3.62 -0.143598
3.64 -0.150571
3.66 -0.157026
3.68 -0.162967
3.7 -0.168402
3.72 -0.173339
3.74 -0.177787
3.76 -0.181757
3.78 -0.185262
3.8 -0.188314
3.82 -0.190926
3.84 -0.193113
3.86 -0.194889
3.88 -0.19627
3.9 -0.197271
3.92 -0.197909
3.94 -0.1982
3.96 -0.19816
3.98 -0.197805
4 -0.197152
4.02 -0.196217
4.04 -0.195016
4.06 -0.193565
4.08 -0.19188
4.1 -0.189976
4.12 -0.187869
4.14 -0.185573
4.16 -0.183103
4.18 -0.180473
4.2 -0.177696
4.22 -0.174786
4.24 -0.171755
4.26 -0.168617
4.28 -0.165382
4.3 -0.162062
4.32 -0.158668
4.34 -0.15521
4.36 -0.1517
4.38 -0.148145
4.4 -0.144556
4.42 -0.14094
4.44 -0.137307
4.46 -0.133665
4.48 -0.130019
4.5 -0.126379
4.52 -0.122749
4.54 -0.119138
4.56 -0.11555
4.58 -0.111991
4.6 -0.108467
4.62 -0.104983
4.64 -0.101544
4.66 -0.0981529
4.68 -0.0948155
4.7 -0.0915354
4.72 -0.0883164
4.74 -0.0851622
4.76 -0.0820762
4.78 -0.0790616
4.8 -0.0761218
4.82 -0.0732595
4.84 -0.0704779
4.86 -0.0677796
4.88 -0.0651673
4.9 -0.0626437
4.92 -0.0602115
4.94 -0.057873
4.96 -0.0556308
4.98 -0.0534874
5 -0.0514453
5.02 -0.0495068
5.04 -0.0476745
5.06 -0.0459508
5.08 -0.0443382
5.1 -0.0428392
5.12 -0.0414565
5.14 -0.0401925
5.16 -0.03905
5.18 -0.0380316
5.2 -0.0371401
5.22 -0.0363782
5.24 -0.0357488
5.26 -0.0352548
5.28 -0.034899
5.3 -0.0346846
5.32 -0.0346145
5.34 -0.0346917
5.36 -0.0349194
5.38 -0.0353006
5.4 -0.0358385
5.42 -0.0365361
5.44 -0.0373967
5.46 -0.0384231
5.48 -0.0396185
5.5 -0.0409859
5.52 -0.0425281
5.54 -0.0442479
5.56 -0.046148
5.58 -0.048231
5.6 -0.0504991
5.62 -0.0529545
5.64 -0.0555993
5.66 -0.058435
5.68 -0.0614631
5.7 -0.0646847
5.72 -0.0681004
5.74 -0.0717107
5.76 -0.0755155
5.78 -0.0795141
5.8 -0.0837055
5.82 -0.0880882
5.84 -0.0926598
5.86 -0.0974176
5.88 -0.102358
5.9 -0.107477
5.92 -0.112769
5.94 -0.118229
5.96 -0.123849
5.98 -0.129623
6 -0.135541
6.02 -0.141594
6.04 -0.147772
6.06 -0.154063
6.08 -0.160454
6.1 -0.166931
6.12 -0.173479
6.14 -0.180082
6.16 -0.186722
6.18 -0.193381
6.2 -0.200038
6.22 -0.206673
6.24 -0.213262
6.26 -0.219782
6.28 -0.226208
6.3 -0.232513
6.32 -0.238671
6.34 -0.244652
6.36 -0.250427
6.38 -0.255965
6.4 -0.261235
6.42 -0.266203
6.44 -0.270837
6.46 -0.275104
6.48 -0.278967
6.5 -0.282393
6.52 -0.285346
6.54 -0.287792
6.56 -0.289694
6.58 -0.29102
6.6 -0.291734
6.62 -0.291802
6.64 -0.291194
6.66 -0.289877
6.68 -0.287822
6.7 -0.285
6.72 -0.281387
6.74 -0.276959
6.76 -0.271694
6.78 -0.265575
6.8 -0.258587
6.82 -0.25072
6.84 -0.241965
6.86 -0.232321
6.88 -0.221787
6.9 -0.210371
6.92 -0.198084
6.94 -0.184941
6.96 -0.170966
6.98 -0.156184
7 -0.140629
7.02 -0.124342
7.04 -0.107366
7.06 -0.0897547
7.08 -0.0715644
7.1 -0.0528594
7.12 -0.0337098
7.14 -0.0141912
7.16 0.00561443
7.18 0.0256201
7.2 0.0457334
7.22 0.0658572
7.24 0.08589
7.26 0.105726
7.28 0.125258
7.3 0.144372
7.32 0.162958
7.34 0.180899
7.36 0.198081
7.38 0.21439
7.4 0.229714
7.42 0.243941
7.44 0.256966
7.46 0.268686
7.48 0.279003
7.5 0.287829
7.52 0.29508
7.54 0.300684
7.56 0.304574
7.58 0.3067
7.6 0.307018
7.62 0.305501
7.64 0.302131
7.66 0.296908
7.68 0.289844
7.7 0.280967
7.72 0.27032
7.74 0.257962
7.76 0.243966
7.78 0.228423
7.8 0.211437
7.82 0.193127
7.84 0.173626
7.86 0.15308
7.88 0.131647
7.9 0.109495
7.92 0.0868027
7.94 0.0637551
7.96 0.0405441
7.98 0.0173655
8 -0.00558258
8.02 -0.0281019
8.04 -0.0499963
8.06 -0.0710735
8.08 -0.091148
8.1 -0.110042
8.12 -0.12759
8.14 -0.143637
8.16 -0.158045
8.18 -0.170691
8.2 -0.181471
8.22 -0.1903
8.24 -0.197115
8.26 -0.201873
8.28 -0.204557
8.3 -0.20517
8.32 -0.20374
8.34 -0.200317
8.36 -0.194975
8.38 -0.187808
8.4 -0.178933
8.42 -0.168483
8.44 -0.156612
8.46 -0.143487
8.48 -0.129289
8.5 -0.11421
8.52 -0.09845
8.54 -0.0822147
8.56 -0.0657119
8.58 -0.0491492
8.6 -0.0327311
8.62 -0.0166559
8.64 -0.00111291
8.66 0.0137197
8.68 0.027678
8.7 0.040614
8.72 0.0523976
8.74 0.0629186
8.76 0.0720876
8.78 0.0798372
8.8 0.0861223
8.82 0.0909206
8.84 0.0942322
8.86 0.0960792
8.88 0.0965047
8.9 0.0955716
8.92 0.0933607
8.94 0.0899695
8.96 0.0855096
8.98 0.0801045
9 0.0738872
9.02 0.0669976
9.04 0.05958
9.06 0.0517803
9.08 0.0437435
9.1 0.0356114
9.12 0.02752
9.14 0.0195973
9.16 0.0119617
9.18 0.00472009
9.2 -0.00203353
9.22 -0.00821916
9.24 -0.0137716
9.26 -0.0186408
9.28 -0.0227924
9.3 -0.0262069
9.32 -0.02888
9.34 -0.0308213
9.36 -0.0320537
9.38 -0.0326118
9.4 -0.0325412
9.42 -0.0318961
9.44 -0.0307384
9.46 -0.0291358
9.48 -0.0271596
9.5 -0.0248837
9.52 -0.0223825
9.54 -0.019729
9.56 -0.0169938
9.58 -0.0142436
9.6 -0.0115398
9.62 -0.00893737
9.64 -0.00648433
9.66 -0.00422083
9.68 -0.0021788
9.7 -0.000381649
9.72 0.00115573
9.74 0.00242683
9.76 0.0034332
9.78 0.0041839
9.8 0.00469487
9.82 0.00498811
9.84 0.00509079
9.86 0.00503423
9.88 0.00485283
9.9 0.00458296
9.92 0.00426185
9.94 0.00392641
9.96 0.00361221
9.98 0.00335235
